{
 "cells": [
  {
   "cell_type": "code",
   "execution_count": 1,
   "metadata": {},
   "outputs": [
    {
     "data": {
      "text/plain": [
       "0         NaN\n",
       "1    1.000000\n",
       "2    0.500000\n",
       "3    0.333333\n",
       "4    0.250000\n",
       "5   -0.200000\n",
       "dtype: float64"
      ]
     },
     "execution_count": 1,
     "metadata": {},
     "output_type": "execute_result"
    }
   ],
   "source": [
    "# pct_change() compares every element with its prior element and computes the change percentage.\n",
    "\n",
    "import pandas as pd\n",
    "import numpy as np\n",
    "s = pd.Series([1,2,3,4,5,4])\n",
    "s.pct_change()\n"
   ]
  },
  {
   "cell_type": "code",
   "execution_count": 2,
   "metadata": {},
   "outputs": [
    {
     "data": {
      "text/html": [
       "<div>\n",
       "<style scoped>\n",
       "    .dataframe tbody tr th:only-of-type {\n",
       "        vertical-align: middle;\n",
       "    }\n",
       "\n",
       "    .dataframe tbody tr th {\n",
       "        vertical-align: top;\n",
       "    }\n",
       "\n",
       "    .dataframe thead th {\n",
       "        text-align: right;\n",
       "    }\n",
       "</style>\n",
       "<table border=\"1\" class=\"dataframe\">\n",
       "  <thead>\n",
       "    <tr style=\"text-align: right;\">\n",
       "      <th></th>\n",
       "      <th>0</th>\n",
       "      <th>1</th>\n",
       "    </tr>\n",
       "  </thead>\n",
       "  <tbody>\n",
       "    <tr>\n",
       "      <th>0</th>\n",
       "      <td>NaN</td>\n",
       "      <td>NaN</td>\n",
       "    </tr>\n",
       "    <tr>\n",
       "      <th>1</th>\n",
       "      <td>2.343939</td>\n",
       "      <td>1.323391</td>\n",
       "    </tr>\n",
       "    <tr>\n",
       "      <th>2</th>\n",
       "      <td>-1.045738</td>\n",
       "      <td>-1.860507</td>\n",
       "    </tr>\n",
       "    <tr>\n",
       "      <th>3</th>\n",
       "      <td>-3.154778</td>\n",
       "      <td>0.399158</td>\n",
       "    </tr>\n",
       "    <tr>\n",
       "      <th>4</th>\n",
       "      <td>6.746823</td>\n",
       "      <td>-0.753169</td>\n",
       "    </tr>\n",
       "  </tbody>\n",
       "</table>\n",
       "</div>"
      ],
      "text/plain": [
       "          0         1\n",
       "0       NaN       NaN\n",
       "1  2.343939  1.323391\n",
       "2 -1.045738 -1.860507\n",
       "3 -3.154778  0.399158\n",
       "4  6.746823 -0.753169"
      ]
     },
     "execution_count": 2,
     "metadata": {},
     "output_type": "execute_result"
    }
   ],
   "source": [
    "df = pd.DataFrame(np.random.randn(5, 2))\n",
    "df.pct_change()"
   ]
  },
  {
   "cell_type": "code",
   "execution_count": 3,
   "metadata": {},
   "outputs": [
    {
     "data": {
      "text/plain": [
       "-0.10163055342587372"
      ]
     },
     "execution_count": 3,
     "metadata": {},
     "output_type": "execute_result"
    }
   ],
   "source": [
    "#cov to compute covariance between series objects. NA will be excluded automatically.\n",
    "# covariance is the mean value of the product of the deviations of two variates from their respective means.\n",
    "s1 = pd.Series(np.random.randn(10))\n",
    "s2 = pd.Series(np.random.randn(10))\n",
    "s1.cov(s2)"
   ]
  },
  {
   "cell_type": "code",
   "execution_count": 4,
   "metadata": {},
   "outputs": [
    {
     "data": {
      "text/plain": [
       "0.4911317985263434"
      ]
     },
     "execution_count": 4,
     "metadata": {},
     "output_type": "execute_result"
    }
   ],
   "source": [
    "# Covariance method when applied on a DataFrame, computes cov between all the columns.\n",
    "frame = pd.DataFrame(np.random.randn(10, 5), columns=['a', 'b', 'c', 'd', 'e'])\n",
    "frame['a'].cov(frame['b'])\n"
   ]
  },
  {
   "cell_type": "code",
   "execution_count": 5,
   "metadata": {},
   "outputs": [
    {
     "data": {
      "text/html": [
       "<div>\n",
       "<style scoped>\n",
       "    .dataframe tbody tr th:only-of-type {\n",
       "        vertical-align: middle;\n",
       "    }\n",
       "\n",
       "    .dataframe tbody tr th {\n",
       "        vertical-align: top;\n",
       "    }\n",
       "\n",
       "    .dataframe thead th {\n",
       "        text-align: right;\n",
       "    }\n",
       "</style>\n",
       "<table border=\"1\" class=\"dataframe\">\n",
       "  <thead>\n",
       "    <tr style=\"text-align: right;\">\n",
       "      <th></th>\n",
       "      <th>a</th>\n",
       "      <th>b</th>\n",
       "      <th>c</th>\n",
       "      <th>d</th>\n",
       "      <th>e</th>\n",
       "    </tr>\n",
       "  </thead>\n",
       "  <tbody>\n",
       "    <tr>\n",
       "      <th>a</th>\n",
       "      <td>0.439105</td>\n",
       "      <td>0.491132</td>\n",
       "      <td>-0.251270</td>\n",
       "      <td>-0.416153</td>\n",
       "      <td>0.677825</td>\n",
       "    </tr>\n",
       "    <tr>\n",
       "      <th>b</th>\n",
       "      <td>0.491132</td>\n",
       "      <td>1.384351</td>\n",
       "      <td>-0.340371</td>\n",
       "      <td>-0.858550</td>\n",
       "      <td>0.136821</td>\n",
       "    </tr>\n",
       "    <tr>\n",
       "      <th>c</th>\n",
       "      <td>-0.251270</td>\n",
       "      <td>-0.340371</td>\n",
       "      <td>0.763979</td>\n",
       "      <td>0.546551</td>\n",
       "      <td>-0.397896</td>\n",
       "    </tr>\n",
       "    <tr>\n",
       "      <th>d</th>\n",
       "      <td>-0.416153</td>\n",
       "      <td>-0.858550</td>\n",
       "      <td>0.546551</td>\n",
       "      <td>2.185024</td>\n",
       "      <td>-0.398901</td>\n",
       "    </tr>\n",
       "    <tr>\n",
       "      <th>e</th>\n",
       "      <td>0.677825</td>\n",
       "      <td>0.136821</td>\n",
       "      <td>-0.397896</td>\n",
       "      <td>-0.398901</td>\n",
       "      <td>1.782752</td>\n",
       "    </tr>\n",
       "  </tbody>\n",
       "</table>\n",
       "</div>"
      ],
      "text/plain": [
       "          a         b         c         d         e\n",
       "a  0.439105  0.491132 -0.251270 -0.416153  0.677825\n",
       "b  0.491132  1.384351 -0.340371 -0.858550  0.136821\n",
       "c -0.251270 -0.340371  0.763979  0.546551 -0.397896\n",
       "d -0.416153 -0.858550  0.546551  2.185024 -0.398901\n",
       "e  0.677825  0.136821 -0.397896 -0.398901  1.782752"
      ]
     },
     "execution_count": 5,
     "metadata": {},
     "output_type": "execute_result"
    }
   ],
   "source": [
    "frame.cov()"
   ]
  },
  {
   "cell_type": "code",
   "execution_count": 6,
   "metadata": {},
   "outputs": [
    {
     "data": {
      "text/plain": [
       "0.22033385843512726"
      ]
     },
     "execution_count": 6,
     "metadata": {},
     "output_type": "execute_result"
    }
   ],
   "source": [
    "# Correlation shows the linear relationship between any two array of values (series). \n",
    "# There are multiple methods to compute the correlation like pearson(default), spearman and kendall.\n",
    "\n",
    "frame = pd.DataFrame(np.random.randn(10, 5), columns=['a', 'b', 'c', 'd', 'e'])\n",
    "\n",
    "frame['a'].corr(frame['b'])\n"
   ]
  },
  {
   "cell_type": "code",
   "execution_count": 7,
   "metadata": {},
   "outputs": [
    {
     "data": {
      "text/html": [
       "<div>\n",
       "<style scoped>\n",
       "    .dataframe tbody tr th:only-of-type {\n",
       "        vertical-align: middle;\n",
       "    }\n",
       "\n",
       "    .dataframe tbody tr th {\n",
       "        vertical-align: top;\n",
       "    }\n",
       "\n",
       "    .dataframe thead th {\n",
       "        text-align: right;\n",
       "    }\n",
       "</style>\n",
       "<table border=\"1\" class=\"dataframe\">\n",
       "  <thead>\n",
       "    <tr style=\"text-align: right;\">\n",
       "      <th></th>\n",
       "      <th>a</th>\n",
       "      <th>b</th>\n",
       "      <th>c</th>\n",
       "      <th>d</th>\n",
       "      <th>e</th>\n",
       "    </tr>\n",
       "  </thead>\n",
       "  <tbody>\n",
       "    <tr>\n",
       "      <th>a</th>\n",
       "      <td>1.000000</td>\n",
       "      <td>0.220334</td>\n",
       "      <td>0.332335</td>\n",
       "      <td>0.143769</td>\n",
       "      <td>0.183832</td>\n",
       "    </tr>\n",
       "    <tr>\n",
       "      <th>b</th>\n",
       "      <td>0.220334</td>\n",
       "      <td>1.000000</td>\n",
       "      <td>0.083769</td>\n",
       "      <td>0.253385</td>\n",
       "      <td>-0.121541</td>\n",
       "    </tr>\n",
       "    <tr>\n",
       "      <th>c</th>\n",
       "      <td>0.332335</td>\n",
       "      <td>0.083769</td>\n",
       "      <td>1.000000</td>\n",
       "      <td>-0.544769</td>\n",
       "      <td>-0.385002</td>\n",
       "    </tr>\n",
       "    <tr>\n",
       "      <th>d</th>\n",
       "      <td>0.143769</td>\n",
       "      <td>0.253385</td>\n",
       "      <td>-0.544769</td>\n",
       "      <td>1.000000</td>\n",
       "      <td>0.523946</td>\n",
       "    </tr>\n",
       "    <tr>\n",
       "      <th>e</th>\n",
       "      <td>0.183832</td>\n",
       "      <td>-0.121541</td>\n",
       "      <td>-0.385002</td>\n",
       "      <td>0.523946</td>\n",
       "      <td>1.000000</td>\n",
       "    </tr>\n",
       "  </tbody>\n",
       "</table>\n",
       "</div>"
      ],
      "text/plain": [
       "          a         b         c         d         e\n",
       "a  1.000000  0.220334  0.332335  0.143769  0.183832\n",
       "b  0.220334  1.000000  0.083769  0.253385 -0.121541\n",
       "c  0.332335  0.083769  1.000000 -0.544769 -0.385002\n",
       "d  0.143769  0.253385 -0.544769  1.000000  0.523946\n",
       "e  0.183832 -0.121541 -0.385002  0.523946  1.000000"
      ]
     },
     "execution_count": 7,
     "metadata": {},
     "output_type": "execute_result"
    }
   ],
   "source": [
    "frame.corr()"
   ]
  },
  {
   "cell_type": "code",
   "execution_count": null,
   "metadata": {},
   "outputs": [],
   "source": []
  }
 ],
 "metadata": {
  "kernelspec": {
   "display_name": "Python 3",
   "language": "python",
   "name": "python3"
  },
  "language_info": {
   "codemirror_mode": {
    "name": "ipython",
    "version": 3
   },
   "file_extension": ".py",
   "mimetype": "text/x-python",
   "name": "python",
   "nbconvert_exporter": "python",
   "pygments_lexer": "ipython3",
   "version": "3.7.1"
  }
 },
 "nbformat": 4,
 "nbformat_minor": 2
}
